0 294
0 25
0 292
0 173
0 199
0 236
1 126
1 2
1 8
2 101
2 16
2 20
2 150
2 4
2 110
2 256
2 216
2 260
2 3
2 8
2 26
2 169
3 131
3 140
3 8
3 146
4 267
4 110
4 8
4 140
4 26
4 124
4 254
5 259
5 52
5 264
5 134
5 29
5 55
6 138
6 257
6 49
6 119
6 33
6 127
6 299
6 83
7 120
7 121
7 273
7 46
7 85
8 79
8 147
8 110
8 20
8 26
8 50
8 124
8 139
8 232
8 219
9 202
9 222
9 244
9 163
9 292
9 254
10 170
10 96
10 142
10 64
10 11
11 138
11 82
11 269
11 27
11 274
12 130
12 274
12 261
13 139
13 30
13 79
13 31
13 87
14 229
14 56
14 109
14 41
14 170
14 183
14 64
15 138
15 247
15 194
15 171
15 78
16 140
16 101
16 146
17 95
17 167
17 169
18 232
18 228
18 208
18 277
18 293
18 176
19 29
19 134
19 74
19 72
19 105
19 246
19 122
20 174
20 140
20 146
20 232
20 256
20 287
20 87
21 129
21 32
21 104
21 166
21 167
21 293
21 206
21 234
22 267
22 174
22 193
22 34
22 172
22 187
22 241
22 118
23 75
23 195
23 63
23 284
24 76
24 138
24 276
24 86
25 142
25 152
25 170
25 183
25 199
26 87
26 50
26 296
27 270
27 219
27 225
28 158
28 111
28 169
28 189
28 71
28 226
29 184
29 229
29 282
29 266
29 117
29 286
29 72
30 165
30 260
30 50
31 146
31 232
31 87
32 218
32 275
32 76
32 210
32 228
33 215
33 39
33 207
33 212
34 223
34 61
34 174
34 241
35 151
35 123
35 290
35 73
35 40
35 47
35 169
35 226
36 153
36 180
36 283
36 245
37 281
37 172
37 38
37 174
37 58
38 287
38 215
38 159
38 172
38 187
38 113
38 234
39 257
39 153
39 283
39 180
39 207
39 83
40 226
40 262
40 169
40 71
40 238
41 292
41 297
41 294
41 96
41 109
41 68
41 225
41 173
41 199
41 254
42 138
42 265
42 141
42 276
42 162
42 86
43 149
43 218
43 206
43 234
43 237
43 62
43 107
43 116
44 172
44 59
44 214
44 92
45 48
45 274
45 269
46 88
46 284
46 93
46 85
46 251
46 250
46 121
46 135
46 235
46 120
46 128
46 195
46 67
46 227
46 103
46 75
46 196
46 203
46 205
46 133
46 215
46 108
47 172
47 70
47 61
47 241
47 113
48 129
48 164
48 286
48 208
48 228
48 176
48 166
48 76
48 234
49 281
49 160
50 87
51 262
51 290
51 169
51 240
51 189
51 226
52 229
52 117
52 134
52 233
52 197
52 244
52 242
53 230
53 184
54 172
54 201
54 77
54 65
55 117
55 184
55 266
55 197
55 213
56 292
56 170
56 173
56 64
56 199
56 130
57 297
57 163
57 173
57 199
58 267
58 172
58 187
59 214
59 70
59 241
59 193
59 159
59 77
60 294
60 299
60 207
60 83
61 279
61 172
61 187
61 149
62 142
62 163
62 199
63 133
63 148
63 85
64 199
65 285
65 172
65 200
65 236
65 215
65 223
66 169
66 167
66 263
66 242
66 240
66 111
66 78
66 226
66 108
67 271
67 103
67 85
68 181
68 142
68 202
68 254
69 144
69 156
69 160
69 178
69 183
69 245
70 172
70 198
70 71
70 180
71 262
71 169
71 89
71 263
71 226
72 185
73 151
73 169
73 158
73 226
74 264
74 136
75 133
75 145
75 148
75 205
76 277
76 286
76 115
76 129
76 149
76 275
76 234
77 285
78 138
78 270
78 288
78 249
79 241
79 146
79 124
79 234
80 266
80 138
80 288
80 188
80 86
81 172
81 215
81 118
81 287
81 159
81 92
81 214
82 130
82 157
83 148
83 253
83 299
83 257
83 119
83 180
83 212
83 153
83 160
83 94
83 156
83 297
83 262
84 176
84 190
84 208
84 293
84 299
85 133
85 273
85 121
85 182
85 235
85 251
85 196
85 211
85 199
86 138
86 157
86 130
86 261
86 270
86 269
86 137
86 211
86 288
86 194
86 141
86 287
87 126
87 260
87 150
87 110
87 131
87 101
87 139
87 230
88 271
88 251
88 93
89 262
89 169
89 102
89 253
89 226
90 129
90 149
90 166
90 217
91 133
91 284
91 120
92 138
92 270
92 143
93 133
93 271
93 202
94 144
94 155
94 180
94 245
95 151
95 289
95 169
95 226
95 199
96 199
97 172
97 174
98 180
98 245
98 186
99 136
99 229
99 105
99 246
99 171
100 169
100 226
100 278
100 220
101 147
101 260
101 230
102 169
102 226
103 133
103 235
104 228
104 114
104 177
104 244
105 264
106 282
106 264
106 134
107 166
107 234
107 237
107 149
107 129
107 110
108 282
108 204
109 297
109 181
109 242
109 248
110 221
111 224
111 226
112 245
112 160
112 258
112 212
113 172
113 223
114 164
114 237
114 249
115 164
115 286
116 168
116 234
116 209
117 264
117 158
118 193
119 226
119 257
119 154
119 178
120 133
120 145
121 284
122 134
122 264
123 272
123 216
123 125
124 147
125 169
125 226
125 189
125 143
126 146
127 136
127 230
128 227
128 273
128 195
128 133
128 135
129 249
129 277
130 211
130 175
131 139
131 298
131 232
132 264
132 172
132 261
132 143
133 145
133 273
133 182
133 205
133 186
134 136
134 213
135 284
135 250
135 203
135 206
136 156
136 282
137 251
137 276
137 219
138 143
138 288
138 291
138 211
138 171
139 260
139 152
140 150
140 243
141 143
141 211
142 296
142 199
142 254
143 269
143 188
143 194
143 225
144 230
144 191
144 154
145 195
145 182
145 203
145 171
145 148
146 256
146 199
148 251
148 196
148 195
148 182
148 250
148 257
149 275
149 237
149 190
149 177
150 165
150 216
151 220
151 264
151 167
151 169
151 216
152 294
152 248
152 296
153 253
153 245
153 160
153 161
153 212
154 245
154 155
154 159
154 283
154 180
155 245
155 161
155 296
156 258
157 261
157 291
157 269
157 162
157 194
158 278
158 169
158 276
159 267
159 287
159 241
159 172
159 198
160 212
160 299
161 283
161 191
162 262
162 166
163 181
163 235
164 226
164 286
164 209
164 210
165 256
166 286
166 206
166 190
166 209
167 263
167 169
167 216
167 226
168 275
168 208
168 237
168 190
168 239
169 280
169 289
169 263
169 242
169 252
169 220
169 216
169 179
169 189
169 278
169 238
169 224
169 290
169 262
169 272
169 204
169 177
169 247
169 279
170 202
170 195
170 297
172 241
172 214
172 200
172 285
172 287
172 267
172 192
172 215
172 193
172 187
172 198
172 235
172 242
173 199
174 214
175 276
175 211
176 286
176 177
176 234
177 277
177 234
178 186
178 191
178 299
178 279
179 262
179 272
179 226
180 245
181 255
181 183
181 199
182 227
183 294
183 254
184 264
184 282
185 264
185 266
185 243
186 257
186 283
186 269
187 267
187 281
187 287
187 200
187 291
187 241
188 269
188 276
189 204
189 226
190 209
190 234
192 267
192 201
192 285
193 267
193 223
194 288
194 219
194 285
196 271
196 203
197 264
197 230
198 279
198 281
199 294
199 296
199 255
199 297
199 254
200 287
201 279
201 281
201 214
203 250
204 263
204 226
205 214
206 249
206 297
207 260
207 299
207 238
208 275
208 234
208 249
209 293
209 217
209 298
210 295
210 234
211 271
212 278
212 245
213 264
213 231
213 246
214 287
215 241
216 226
217 277
217 239
218 295
219 265
219 276
220 226
220 296
221 256
221 232
222 248
222 294
223 267
223 241
223 284
224 262
224 226
225 274
226 272
226 278
226 280
226 290
226 238
226 252
226 240
226 263
226 289
226 262
226 287
229 264
229 243
230 259
230 264
231 264
231 266
232 298
232 249
233 259
233 266
234 237
234 277
234 239
236 277
239 249
240 262
240 242
241 279
241 285
243 259
243 292
244 294
245 257
245 299
245 265
247 261
249 277
251 284
252 263
252 278
252 289
254 296
254 255
256 298
259 264
260 298
262 272
262 263
262 289
263 290
264 266
265 288
265 291
265 268
266 282
267 281
268 270
268 274
268 276
269 276
275 293
276 291
277 295
279 287
280 290
288 290
