0 5
1 8
10 5
100 0
101 8
102 0
103 4
104 1
105 7
106 7
107 1
108 0
109 5
11 6
110 8
111 0
112 3
113 2
114 1
115 1
116 1
117 7
118 2
119 3
12 6
120 4
121 4
122 7
123 0
124 8
125 0
126 8
127 7
128 4
129 1
13 8
130 6
131 8
132 6
133 4
134 7
135 4
136 7
137 6
138 6
139 8
14 5
140 8
141 6
142 5
143 6
144 3
145 4
146 8
147 8
148 4
149 1
15 6
150 8
151 0
152 5
153 3
154 3
155 3
156 3
157 6
158 0
159 2
16 8
160 3
161 3
162 6
163 5
164 1
165 8
166 1
167 0
168 1
169 0
17 0
170 5
171 6
172 2
173 5
174 2
175 6
176 1
177 1
178 3
179 0
18 1
180 3
181 5
182 4
183 5
184 7
185 7
186 3
187 2
188 6
189 0
19 7
190 1
191 3
192 2
193 2
194 6
195 4
196 4
197 7
198 2
199 5
2 8
20 8
200 2
201 2
202 5
203 4
204 0
205 4
206 1
207 3
208 1
209 1
21 1
210 1
211 6
212 3
213 7
214 2
215 2
216 0
217 1
218 1
219 6
22 2
220 0
221 8
222 5
223 2
224 0
225 6
226 0
227 4
228 1
229 7
23 4
230 7
231 7
232 8
233 7
234 1
235 4
236 5
237 1
238 0
239 1
24 6
240 0
241 2
242 0
243 7
244 5
245 3
246 7
247 6
248 5
249 1
25 5
250 4
251 4
252 0
253 3
254 5
255 5
256 8
257 3
258 3
259 7
26 8
260 8
261 6
262 0
263 0
264 7
265 6
266 7
267 2
268 6
269 6
27 6
270 6
271 4
272 0
273 4
274 6
275 1
276 6
277 1
278 0
279 2
28 0
280 0
281 2
282 7
283 3
284 4
285 2
286 1
287 2
288 6
289 0
29 7
290 0
291 6
292 5
293 1
294 5
295 1
296 5
297 5
298 8
299 3
3 8
30 8
31 8
32 1
33 3
34 2
35 0
36 3
37 2
38 2
39 3
4 8
40 0
41 5
42 6
43 1
44 2
45 6
46 4
47 2
48 1
49 3
5 7
50 8
51 0
52 7
53 7
54 2
55 7
56 5
57 5
58 2
59 2
6 3
60 3
61 2
62 5
63 4
64 5
65 2
66 0
67 4
68 5
69 3
7 4
70 2
71 0
72 7
73 0
74 7
75 4
76 1
77 2
78 6
79 8
8 8
80 6
81 2
82 6
83 3
84 1
85 4
86 6
87 8
88 4
89 0
9 5
90 1
91 4
92 2
93 4
94 3
95 0
96 5
97 2
98 3
99 7
