0 241
0 85
0 243
0 159
0 226
0 113
1 79
1 114
1 287
1 239
1 101
2 158
2 130
2 242
2 290
2 108
2 58
2 22
2 255
2 71
3 79
3 213
3 66
3 249
3 81
3 14
3 57
4 146
4 199
4 14
4 172
4 226
5 179
5 157
5 131
5 283
6 111
6 53
6 55
6 107
6 51
6 112
6 15
6 56
6 117
6 64
7 14
7 238
7 24
7 199
8 86
8 8
8 99
8 97
8 71
8 87
8 83
8 11
8 95
8 219
8 281
8 143
8 60
9 67
9 85
9 185
9 180
9 241
10 264
10 254
10 271
10 293
11 26
11 12
11 86
11 191
11 85
11 209
12 214
12 285
12 83
12 86
13 214
13 154
13 282
14 120
14 146
14 199
15 230
15 135
15 31
15 180
16 220
16 192
16 270
16 291
16 46
16 262
16 172
17 131
17 108
17 245
18 141
18 171
18 124
18 43
18 48
18 52
19 138
19 94
19 71
19 169
20 39
20 110
20 262
20 162
20 276
20 229
20 38
20 174
20 169
20 245
21 50
21 190
21 173
21 33
21 133
21 35
21 112
22 96
22 259
22 209
23 261
23 98
23 273
23 184
23 25
23 61
24 233
24 129
24 148
24 217
25 170
25 55
25 158
25 209
26 87
26 26
26 71
26 260
26 205
26 86
26 43
27 259
27 157
27 86
27 276
28 189
28 199
28 130
28 166
28 61
29 264
29 134
29 212
29 150
29 45
29 250
29 243
29 244
29 216
30 163
30 107
30 40
30 276
30 169
30 245
31 86
31 260
31 139
31 169
31 245
32 264
32 163
32 164
33 136
33 288
34 162
34 276
34 182
34 169
35 272
35 160
35 154
35 257
35 133
36 226
36 149
36 249
36 172
36 198
37 68
37 220
37 194
37 46
37 47
37 273
38 275
38 46
38 82
38 177
38 296
38 178
38 93
39 86
39 95
39 206
39 87
39 138
40 103
40 152
40 199
41 134
41 264
41 150
41 45
41 41
41 253
41 95
41 133
42 259
42 137
42 94
42 210
43 140
43 141
43 48
43 60
44 262
44 169
44 160
44 172
45 144
46 224
46 46
46 299
46 291
46 275
46 82
46 105
46 106
46 253
46 192
46 220
46 91
46 54
46 93
46 163
46 295
46 164
46 121
46 154
47 103
47 60
48 208
48 52
48 110
48 48
48 286
49 262
49 138
49 143
49 169
50 182
50 78
50 276
51 142
51 255
51 280
52 140
52 236
52 60
52 103
52 155
53 85
53 67
53 59
53 175
54 291
54 153
54 93
54 155
55 264
55 243
55 298
55 107
55 251
55 218
56 76
56 261
56 101
56 117
57 296
57 131
57 66
57 199
58 245
58 185
58 147
59 264
59 163
59 134
59 216
59 119
59 142
59 293
59 145
59 232
59 212
60 63
60 258
60 256
60 177
61 130
61 282
61 178
61 73
62 72
62 213
62 214
62 191
62 200
62 222
63 124
63 201
63 226
64 210
64 69
64 84
65 280
65 169
65 271
65 245
65 203
66 210
66 131
66 75
66 112
66 220
66 199
67 135
67 189
67 76
67 85
67 117
67 226
67 125
68 248
68 187
68 211
69 146
69 285
69 75
69 76
69 84
69 169
70 86
70 150
70 285
70 123
70 199
71 214
71 92
71 95
71 219
71 76
71 86
71 90
71 294
72 114
72 255
72 203
72 239
72 249
73 256
73 74
73 233
73 209
74 134
74 155
74 218
74 232
75 87
75 193
75 199
76 135
76 133
76 85
76 189
76 233
76 288
76 111
77 146
77 267
77 284
77 172
77 226
77 234
78 260
78 276
78 169
78 280
78 251
79 265
79 213
79 114
79 234
79 233
80 148
80 278
80 287
80 152
80 226
81 208
81 179
81 161
81 81
81 145
82 291
83 206
83 95
83 97
83 92
83 99
83 83
83 261
83 87
83 214
83 252
83 213
83 298
83 157
84 199
84 100
84 289
84 98
85 180
85 258
85 101
85 241
85 251
85 157
86 261
86 206
86 99
86 219
86 214
86 90
86 95
86 109
86 241
87 261
87 206
87 247
87 99
87 205
87 92
87 95
87 109
87 194
87 124
87 199
88 247
88 276
88 169
89 186
89 147
89 263
89 204
89 272
89 226
89 234
90 95
90 287
91 251
91 178
91 262
92 214
92 244
93 186
93 94
93 279
94 138
94 280
94 156
94 169
94 121
95 205
95 216
96 155
96 166
97 269
98 254
99 192
100 146
100 183
100 199
100 267
101 133
101 180
101 255
101 107
102 286
102 187
102 123
102 169
102 245
103 103
103 226
104 281
104 260
104 262
104 169
104 166
105 181
105 291
105 178
105 187
105 204
105 215
106 211
106 115
107 258
107 189
107 243
108 244
108 292
108 209
109 205
109 206
109 160
109 263
109 116
110 281
110 171
111 258
111 146
111 241
111 251
112 199
113 178
113 139
113 268
113 125
114 275
115 175
115 207
115 209
116 294
116 172
116 226
117 230
117 276
118 293
118 266
118 133
119 134
119 172
119 234
120 124
120 199
121 292
122 170
122 200
122 187
122 264
122 149
123 201
123 174
123 184
124 264
124 229
125 274
125 267
126 133
126 151
126 291
127 179
127 145
127 207
128 149
128 226
128 202
128 263
128 172
129 287
129 181
130 166
130 175
130 216
131 216
131 193
132 158
132 279
132 230
132 172
132 226
133 135
133 189
133 243
133 248
133 251
133 241
133 255
133 269
133 180
134 165
134 139
134 172
135 191
135 251
136 168
136 145
136 154
136 153
136 203
137 137
137 221
138 262
138 235
138 231
138 156
138 260
138 245
138 143
138 229
138 203
138 153
138 276
138 169
139 212
139 237
139 269
139 277
139 172
139 226
139 234
140 217
140 236
140 256
140 211
140 193
141 171
141 271
142 286
142 250
142 264
142 150
142 216
143 276
143 199
143 169
144 264
144 293
144 241
144 196
144 272
145 145
145 174
145 179
146 152
146 183
146 228
147 215
147 284
147 226
148 148
148 278
148 222
148 245
149 267
149 277
149 269
149 294
149 297
150 254
150 216
151 173
151 190
151 272
151 240
152 258
152 172
153 257
153 163
153 154
153 182
153 169
153 209
154 189
154 190
155 232
156 167
156 169
156 234
158 232
159 292
159 261
160 211
160 274
160 277
161 266
161 168
162 223
162 251
162 169
163 264
163 163
163 254
163 194
164 169
164 275
164 234
165 264
165 273
166 282
166 242
166 176
166 232
166 267
167 191
167 205
167 180
168 265
168 168
168 170
168 249
168 182
168 169
169 276
169 245
169 271
169 195
169 280
169 223
169 194
169 270
169 260
169 169
169 231
169 295
169 229
169 225
169 171
169 220
170 233
170 197
170 170
171 236
171 189
172 206
172 277
172 279
172 274
172 215
172 246
172 225
172 234
172 289
172 297
172 294
172 237
172 269
172 284
172 226
172 268
172 230
172 178
173 283
174 266
174 208
174 293
176 221
176 176
177 297
177 234
177 226
178 296
178 186
178 207
180 230
181 241
183 228
183 247
183 199
183 244
183 297
184 238
184 249
184 199
185 212
186 275
186 220
186 211
187 220
187 211
187 275
187 187
187 195
188 264
188 250
188 212
188 268
188 196
189 241
190 194
191 197
191 200
191 227
191 241
191 285
191 292
192 268
192 235
193 199
194 288
195 262
195 271
196 258
196 271
196 289
197 265
197 295
197 227
198 284
198 204
198 219
198 226
199 228
199 238
199 210
199 243
200 203
200 255
201 208
201 207
202 298
202 278
202 288
202 247
203 265
203 254
203 280
204 277
204 274
204 226
206 214
207 282
207 290
209 211
212 264
214 247
214 242
214 299
214 284
215 241
215 263
215 226
216 293
216 250
216 254
217 287
218 273
219 252
219 226
219 234
220 249
220 224
221 250
222 278
223 276
223 294
223 229
223 245
224 242
225 294
225 275
225 226
226 263
226 277
226 297
226 294
226 246
226 268
226 274
226 234
226 267
226 237
226 284
226 226
226 233
227 298
228 270
229 245
230 230
231 260
232 283
232 286
234 297
234 277
234 294
234 263
235 262
236 274
236 242
237 277
238 265
239 253
239 249
240 259
240 268
241 248
243 258
245 257
245 288
246 284
249 249
250 264
250 286
250 293
250 269
252 272
253 275
253 296
254 254
256 281
257 257
257 272
259 281
260 290
262 295
262 262
263 297
264 264
265 290
266 266
267 284
267 294
267 267
267 268
269 279
270 271
270 288
274 277
274 289
275 299
277 294
278 291
281 281
282 283
282 288
288 288
288 298
292 292
296 299
