0 3
1 15
2 10
3 15
5 16
6 15
7 15
9 15
10 15
12 21
13 11
14 10
15 15
16 15
17 6
20 6
21 15
22 15
23 15
24 16
25 15
26 15
28 23
29 0
31 15
32 6
33 19
34 11
35 6
36 15
37 16
38 15
39 15
40 15
41 6
42 10
44 19
45 15
46 7
47 15
48 16
49 15
50 15
51 3
52 6
54 0
55 15
56 15
57 16
58 1
59 4
60 15
61 0
62 15
63 15
64 15
65 15
66 11
67 15
68 13
69 15
70 11
71 0
72 15
73 9
74 9
76 11
77 15
79 15
80 16
81 0
82 15
83 3
84 4
85 16
86 13
87 15
89 15
90 17
92 16
93 6
94 16
95 15
96 15
97 0
98 15
99 2
101 16
103 15
104 15
105 15
107 6
108 15
109 15
110 0
111 6
113 11
114 15
115 6
116 2
117 15
118 11
119 15
121 15
122 15
123 15
124 15
125 15
126 17
127 15
128 15
129 15
131 13
132 0
133 15
134 11
135 15
136 1
137 6
138 13
139 15
140 2
141 15
142 15
143 13
144 2
145 17
146 15
147 2
148 15
149 23
150 2
151 11
152 15
154 9
155 2
156 4
157 15
158 11
161 11
162 23
163 0
164 9
165 11
168 15
169 15
170 15
171 1
172 15
173 1
174 20
175 14
176 15
177 18
179 17
180 16
183 0
185 15
186 15
187 16
188 15
189 15
190 15
192 6
193 0
194 16
196 15
197 15
198 6
199 11
200 15
202 16
203 11
204 9
206 9
207 15
208 15
209 6
210 17
211 11
212 11
213 15
214 6
215 0
216 10
218 11
219 15
220 20
222 0
223 4
224 15
225 7
227 14
229 0
233 15
235 11
236 15
237 3
238 11
239 4
240 11
242 15
244 20
245 0
246 15
247 15
248 15
249 16
250 4
251 15
252 11
253 0
254 16
255 15
256 15
257 4
258 4
259 0
261 15
262 20
264 0
265 11
266 16
267 22
268 4
269 15
270 2
271 15
274 15
276 15
277 15
278 12
279 9
280 15
281 15
282 20
285 15
286 15
288 15
289 6
290 15
291 15
292 9
293 20
294 15
295 4
297 15
298 0
299 16
301 15
303 15
304 15
308 11
309 15
310 6
311 11
312 6
313 11
314 15
315 15
316 15
317 15
318 15
319 15
321 6
322 15
323 15
324 11
325 15
326 6
327 2
328 15
330 16
331 11
332 11
333 19
334 0
336 9
337 6
338 15
339 15
340 15
341 15
342 15
343 6
344 4
345 15
347 15
348 1
349 1
350 1
351 6
352 1
353 1
354 1
355 1
356 1
357 1
358 6
359 1
360 1
361 1
362 1
363 1
364 6
365 11
366 1
367 1
368 1
369 1
370 1
371 1
372 1
373 1
374 1
375 1
376 1
377 1
378 1
379 1
380 1
381 1
382 1
383 1
385 1
387 1
388 1
389 1
390 1
391 1
392 1
393 6
394 1
395 1
396 1
397 1
398 1
399 6
400 1
402 1
403 1
404 1
405 1
406 1
407 1
408 1
409 1
410 1
411 10
412 1
413 1
414 6
415 1
416 1
417 1
418 1
419 1
420 1
421 1
422 6
423 1
424 1
425 1
426 1
427 2
428 1
429 1
430 1
431 1
432 1
433 1
434 1
435 1
436 1
437 1
438 1
439 1
440 1
441 6
442 1
444 1
445 1
446 1
447 6
448 1
449 1
450 1
451 1
452 1
453 1
454 6
455 1
456 1
457 1
458 1
459 1
460 1
461 1
462 1
463 1
465 1
466 1
467 1
468 10
469 1
470 1
471 1
472 1
473 1
474 1
475 1
476 6
477 1
478 1
479 1
480 1
481 1
482 1
483 6
484 1
485 1
486 1
487 1
488 1
489 1
490 1
491 1
492 1
493 1
494 1
495 1
496 1
497 1
498 10
499 1
500 1
501 6
502 1
503 1
504 1
505 1
506 1
507 1
508 1
509 1
510 1
511 1
512 1
513 1
514 1
515 1
516 1
517 1
518 1
519 1
520 1
521 1
522 1
523 1
524 1
525 1
526 6
527 1
528 1
529 1
530 1
531 1
532 1
533 1
534 1
535 1
536 1
537 1
538 1
539 1
540 1
541 1
542 1
543 1
544 1
545 1
546 1
547 1
548 1
549 11
551 1
553 1
554 1
555 1
556 1
557 1
558 1
559 1
560 1
561 1
562 1
563 1
564 6
565 1
566 1
567 1
568 1
569 1
570 1
571 1
572 1
573 6
574 6
575 6
576 4
577 4
578 4
579 6
580 1
582 4
583 4
584 6
588 6
589 6
590 6
591 1
592 6
594 6
595 4
596 6
597 6
598 6
599 4
600 4
601 6
602 6
603 6
604 1
605 6
606 1
607 1
609 6
611 6
612 6
614 1
615 4
616 6
617 6
618 6
619 6
620 6
621 6
622 6
623 6
625 6
626 6
627 4
628 4
629 6
630 6
631 6
632 4
633 6
635 4
636 6
637 6
638 6
639 6
640 4
641 6
643 4
644 6
647 4
649 2
650 4
651 1
653 6
654 6
655 6
657 6
658 4
659 4
660 5
661 4
662 4
663 6
664 6
665 4
666 6
667 2
668 1
669 1
670 4
672 6
674 6
675 4
676 1
677 6
678 6
679 6
680 6
681 4
682 6
683 1
684 6
685 6
687 0
688 4
689 2
690 9
691 1
692 3
693 4
694 4
695 4
696 4
697 6
698 6
699 2
700 0
701 4
702 2
703 0
704 8
705 6
706 8
707 2
708 6
709 0
710 3
711 9
712 2
713 0
714 2
715 3
716 0
717 0
718 0
719 0
720 0
721 6
722 1
723 9
724 4
725 2
726 4
727 9
728 0
729 1
730 0
731 4
732 2
733 1
734 9
735 3
736 1
737 0
738 9
739 0
740 8
741 0
742 1
743 1
744 7
745 6
746 1
747 1
748 0
749 8
750 8
751 9
752 8
753 1
754 0
755 0
756 9
757 1
758 0
759 0
760 4
761 3
762 9
763 0
764 6
765 0
766 4
767 2
768 1
769 0
770 0
771 1
772 2
773 4
774 6
775 0
776 6
777 4
778 4
779 0
780 0
781 6
782 1
783 6
784 9
785 7
786 1
787 0
788 2
789 6
790 0
791 2
792 0
793 0
794 9
795 9
796 2
797 0
798 0
799 9
800 6
801 7
802 2
803 0
804 1
805 6
806 1
807 0
808 0
809 6
810 2
811 6
812 0
813 1
814 0
815 0
816 1
817 0
818 6
819 2
820 0
821 4
822 2
823 6
824 0
825 1
826 9
827 0
828 2
829 9
830 0
831 0
832 0
833 1
834 4
835 0
836 0
837 0
838 0
839 2
840 2
841 0
842 9
843 0
844 4
845 4
846 7
847 4
848 9
849 0
850 1
851 5
852 0
853 4
854 1
855 13
856 1
857 6
858 5
860 1
862 6
863 1
864 1
865 10
866 5
867 8
868 10
870 5
871 5
872 8
873 8
874 8
875 1
876 1
877 8
878 1
879 5
880 2
881 5
882 1
883 12
884 1
885 8
886 1
887 8
888 1
889 1
893 1
895 5
899 7
901 8
903 8
906 6
908 6
910 8
912 7
913 2
914 3
915 3
916 6
920 6
921 6
922 6
923 6
925 6
926 6
927 6
929 6
934 6
938 8
946 6
947 6
950 6
951 6
952 6
955 0
958 8
961 6
963 8
966 6
967 6
968 7
971 5
976 3
978 6
979 4
980 6
982 6
983 6
987 2
990 6
991 6
992 8
996 6
1001 7
1003 6
1006 6
1008 6
1012 7
1013 1
1015 5
1016 4
1017 6
1018 5
1025 3
1026 6
1028 6
1029 6
1030 0
1031 6
1034 6
1035 2
1036 5
1038 7
1039 6
1043 0
1045 0
1048 6
1049 6
1050 6
1052 2
1053 4
1054 6
1055 6
1056 6
1057 4
1058 6
1059 6
1060 5
1062 7
1068 6
1069 6
1073 6
1074 6
1075 6
1076 6
1077 6
1079 6
1080 3
1084 6
1085 6
1086 6
1087 6
1088 6
1089 6
1092 6
1097 8
1098 6
1099 5
1101 6
1107 6
1110 6
1111 0
1112 6
1113 3
1114 3
1115 5
1116 6
1118 8
1120 5
1123 6
1124 6
1126 6
1128 6
1132 6
1133 7
1135 6
1137 8
1138 4
1140 6
1142 3
1143 5
1144 6
1145 6
1146 6
1149 6
1151 6
1155 3
1158 5
1161 6
1165 6
1171 15
1172 6
1174 6
1177 4
1178 6
1179 3
1181 6
1182 6
1183 2
1184 6
1186 8
1191 6
1193 6
1195 6
1197 6
1198 6
1201 6
1209 6
1211 6
1214 6
1215 5
1216 8
1219 6
1223 3
1227 5
1231 5
1232 8
1237 3
1238 6
1242 6
1243 6
1250 6
1251 6
1252 0
1254 0
1257 5
1261 5
1262 7
1263 2
1265 6
1267 6
1269 6
1271 6
1272 6
1278 6
1283 6
1288 6
1290 6
1291 6
1293 6
1301 6
1305 6
1312 6
1314 8
1317 6
1319 8
1320 3
1321 6
1327 6
1328 6
1329 6
1330 6
1332 3
1333 8
1334 6
1337 7
1339 6
1344 6
1351 6
1352 6
1360 6
1361 6
1363 8
1365 6
1367 6
1368 0
1369 6
1371 8
1375 6
1376 6
1377 6
1378 8
1379 5
1380 6
1381 5
1384 6
1385 1
1387 3
1390 6
1391 6
1395 7
1398 6
1402 6
1403 4
1405 6
1408 3
1410 1
1411 6
1413 5
1416 6
1418 5
1419 8
1420 6
1421 6
1422 6
1423 5
1424 8
1429 2
1431 6
1435 6
1436 5
1439 7
1441 6
1442 7
1444 2
1445 6
1447 6
1448 5
1449 6
1450 6
1452 8
1458 6
1460 6
1465 15
1467 6
1468 8
1469 2
1470 6
1471 6
1477 6
1480 6
1484 6
1485 6
1487 3
1491 6
1494 6
1504 2
1505 6
1509 6
1513 6
1515 5
1516 6
1517 6
1519 6
1520 6
1521 6
1522 6
1523 6
1524 6
1528 6
1531 2
1532 6
1533 8
1534 6
1535 6
1537 6
1539 6
1540 6
1542 2
1544 6
1547 6
1548 8
1549 1
1551 6
1553 6
1554 6
1555 6
1557 6
1558 6
1559 6
1561 6
1562 7
1563 6
1564 6
1568 8
1572 6
1574 3
1577 38
1579 6
1580 6
1584 6
1585 6
1588 6
1589 6
1591 5
1593 6
1594 6
1597 6
1600 6
1601 8
1603 6
1607 4
1608 6
1610 6
1612 6
1613 6
1614 6
1616 3
1617 6
1618 7
1619 6
1620 6
1621 6
1622 6
1623 6
1626 6
1629 8
1635 5
1636 5
1637 6
1639 6
1641 6
1642 6
1643 6
1644 6
1652 6
1653 6
1656 8
1657 7
1658 7
1659 6
1663 6
1664 4
1666 6
1668 6
1669 6
1675 6
1676 6
1678 6
1679 3
1682 5
1683 6
1684 6
1688 6
1689 6
1690 2
1691 5
1692 3
1697 6
1698 6
1699 2
1700 6
1701 6
1702 6
1708 6
1710 6
1714 6
1717 6
1718 38
1719 6
1721 6
1722 6
1723 6
1724 6
1726 6
1727 2
1730 6
1733 8
1735 6
1736 6
1737 6
1738 2
1745 2
1746 6
1747 8
1750 6
1752 6
1753 6
1757 6
1758 6
1760 2
1761 6
1765 6
1766 3
1767 3
1769 6
1774 6
1779 6
1780 7
1784 8
1787 8
1789 6
1791 6
1792 6
1793 6
1795 6
1796 6
1798 8
1799 6
1800 6
1803 6
1805 6
1807 2
1808 5
1809 6
1811 6
1813 6
1814 7
1816 6
1817 6
1818 7
1819 6
1821 7
1823 6
1827 6
1828 5
1833 6
1835 6
1836 6
1837 8
1838 6
1842 6
1843 6
1845 6
1846 6
1848 5
1851 6
1852 6
1859 5
1861 6
1863 6
1865 6
1867 6
1872 5
1875 5
1877 6
1880 8
1881 3
1882 3
1883 6
1885 7
1886 6
1888 6
1891 5
1895 8
1896 4
1897 7
1899 5
1900 6
1902 6
1913 36
1914 1
1915 15
1917 20
1918 20
1919 1
1920 38
1921 1
1922 15
1923 6
1925 20
1926 41
1927 1
1928 1
1929 20
1930 41
1931 1
1932 38
1933 41
1934 41
1935 1
1936 41
1937 41
1938 20
1939 21
1941 20
1942 20
1943 20
1944 41
1945 38
1946 20
1947 6
1948 38
1949 15
1950 1
1951 1
1952 36
1953 20
1954 1
1955 38
1956 13
1957 31
1958 31
1959 5
1960 41
1961 35
1962 20
1963 20
1964 11
1965 41
1966 20
1967 21
1968 1
1969 20
1970 21
1971 20
1972 31
1973 31
1974 45
1975 41
1976 1
1977 36
1978 41
1979 20
1980 31
1981 21
1983 20
1984 20
1985 20
1986 20
1987 36
1988 27
1989 20
1990 41
1991 1
1992 27
1993 20
1994 38
1995 1
1996 15
1997 20
1998 1
1999 1
2000 1
2001 1
2002 21
2003 21
2004 1
2005 20
2006 1
2007 20
2008 41
2009 1
2010 38
2011 1
2012 1
2013 41
2014 1
2015 1
2016 1
2017 15
2018 1
2019 20
2020 1
2021 20
2022 1
2023 15
2024 1
2025 1
2026 5
2027 1
2028 38
2029 41
2030 20
2031 11
2032 38
2033 20
2034 41
2035 41
2036 41
2037 20
2038 11
2039 38
2040 20
2041 15
2042 15
2043 20
2045 20
2046 20
2047 0
2048 20
2049 41
2051 41
2052 8
2053 38
2054 38
2055 20
2056 20
2057 36
2059 20
2060 20
2061 31
2062 15
2063 20
2064 20
2065 36
2066 36
2067 20
2068 38
2069 20
2070 41
2071 38
2072 38
2073 20
2074 20
2075 21
2076 27
2077 20
2078 20
2080 41
2081 38
2082 41
2083 20
2084 20
2085 41
2086 20
2087 38
2088 20
2089 41
2090 20
2091 41
2092 20
2093 20
2094 0
2095 20
2096 15
2097 1
2098 20
2099 8
2100 36
2101 21
2102 38
2103 20
2104 20
2105 41
2106 41
2108 20
2109 20
2110 21
2111 38
2112 20
2113 36
2114 15
2115 20
2116 1
2117 41
2118 20
2119 41
2120 15
2121 20
2122 20
2123 20
2124 20
2125 15
2126 41
2127 38
2128 36
2129 41
2130 41
2131 20
2132 21
2133 11
2134 6
2135 38
2136 20
2137 36
2138 38
2139 20
2140 20
2141 41
2142 14
2143 1
2144 40
2145 41
2146 41
2147 20
2148 38
2149 38
2150 20
2151 38
2152 41
2153 38
2154 20
2155 41
2156 15
2157 1
2158 41
2159 1
2160 41
2161 21
2162 41
2163 7
2164 20
2165 20
2167 34
2168 15
2169 38
2170 27
2171 1
2172 20
2173 41
2174 41
2175 41
2176 11
2177 36
2178 41
2179 20
2181 41
2182 41
2183 0
2184 20
2185 4
2186 11
2187 38
2188 20
2189 20
2190 20
2191 38
2192 1
2193 41
2194 38
2196 38
2197 41
2199 38
2200 20
2201 20
2203 38
2204 15
2206 20
2208 45
2209 11
2210 20
2211 11
2212 20
2214 36
2215 36
2216 20
2217 4
2218 20
2219 4
2220 20
2221 15
2222 21
2223 38
2224 15
2225 31
2227 41
2228 41
2229 20
2230 8
2231 15
2232 15
2233 20
2234 20
2235 21
2236 41
2237 20
2238 41
2240 20
2241 38
2242 41
2243 15
2244 20
2245 34
2246 8
2247 8
2248 41
2249 36
2250 38
2251 41
2252 36
2253 20
2254 4
2255 27
2256 36
2257 20
2258 20
2259 38
2260 41
2261 20
2262 20
2263 36
2265 36
2266 20
2267 20
2268 1
2270 36
2271 20
2272 41
2273 38
2274 38
2275 20
2276 20
2277 41
2278 20
2279 38
2280 38
2282 38
2283 8
2284 1
2286 41
2287 20
2288 20
2289 41
2290 20
2291 36
2292 38
2293 20
2294 38
2295 7
2296 11
2297 1
2298 7
2299 20
2300 20
2301 21
2302 38
2304 8
2306 20
2307 20
2308 20
2309 20
2310 11
2311 20
2312 36
2313 41
2314 41
2315 38
2316 15
2317 41
2318 11
2319 38
2320 27
2321 41
2322 41
2323 20
2324 20
2325 11
2326 20
2327 21
2328 15
2329 20
2331 41
2332 0
2333 38
2334 20
2335 41
2336 15
2337 1
2338 38
2339 20
2340 20
2341 1
2342 41
2343 38
2344 21
2345 41
2346 1
2347 20
2348 20
2349 36
2350 20
2351 38
2352 20
2353 20
2354 20
2355 36
2356 20
2357 41
2358 8
2359 20
2360 41
2361 41
2362 41
2363 20
2364 1
2365 31
2366 41
2367 41
2369 20
2370 20
2371 41
2372 38
2373 41
2374 20
2375 4
2376 20
2377 38
2378 1
2379 41
2381 20
2382 15
2384 38
2385 29
2386 20
2387 20
2388 41
2389 36
2390 21
2391 20
2392 20
2393 20
2394 38
2395 20
2396 21
2397 41
2398 38
2399 38
2400 36
2401 27
2402 41
2403 41
2404 20
2405 41
2406 41
2407 20
2408 20
2409 20
2410 20
2411 41
2412 41
2413 36
2414 20
2415 21
2416 11
2418 20
2419 11
2420 38
2421 15
2422 36
2423 20
2424 15
2425 13
2426 12
2428 20
2430 20
2431 36
2432 21
2433 20
2434 21
2436 38
2437 15
2438 38
2439 4
2440 41
2441 36
2442 20
2443 20
2444 27
2445 38
2446 20
2447 1
2448 41
2449 20
2450 36
2451 38
2452 41
2453 45
2454 36
2455 15
2456 2
2457 32
2458 15
2459 1
2460 20
2461 8
2462 20
2463 38
2464 20
2465 40
2466 27
2468 20
2469 20
2470 15
2471 38
2472 1
2473 41
2474 41
2475 38
2476 20
2477 20
2478 20
2479 21
2480 41
2481 34
2482 20
2483 32
2484 20
2485 20
2486 27
2487 34
2488 36
2489 20
2491 38
2492 20
2494 1
2495 20
2496 38
2497 41
2498 41
2499 20
2500 20
2501 15
2502 7
2503 41
2504 20
2505 45
2506 20
2507 20
2509 21
2511 38
2512 14
2513 36
2514 36
2515 27
2516 7
2517 36
2518 31
2519 7
2520 20
2521 20
2523 15
2524 36
2525 11
2526 20
2527 32
2528 13
2529 36
2530 36
2531 4
2532 20
2533 38
2534 41
2535 34
2536 20
2537 21
2538 1
2539 20
2540 0
2541 41
2542 20
2543 20
2544 36
2546 20
2548 4
2549 20
2550 20
2551 20
2553 20
2555 8
2556 20
2557 11
2558 4
2559 20
2560 14
2561 20
2562 41
2563 20
2564 20
2565 15
2566 41
2567 38
2568 36
2569 41
2570 41
2571 1
2572 20
2573 20
2574 20
2575 20
2576 20
2577 15
2578 20
2579 20
2580 41
2581 15
2582 7
2583 1
2584 20
2585 1
2586 20
2587 15
2588 32
2589 38
2590 20
2591 20
2592 38
2593 20
2594 38
2595 32
2597 38
2598 15
2599 40
2600 20
2601 20
2602 20
2603 41
2604 20
2605 15
2606 20
2607 20
2608 38
2609 40
2610 11
2611 20
2612 41
2613 20
2614 41
2615 20
2616 38
2617 21
2618 41
2619 20
2620 1
2621 4
2622 27
2623 20
2624 20
2625 20
2626 1
2627 1
2628 41
2629 38
2630 20
2631 20
2632 41
2633 1
2634 41
2635 38
2636 1
2637 41
2638 20
2639 1
2640 1
2641 11
2642 15
2643 7
2645 1
2646 20
2647 1
2648 1
2649 15
2650 27
2651 45
2652 21
2653 40
2654 20
2655 20
2656 41
2657 1
2658 1
2659 1
2660 1
2661 2
2662 0
2663 14
2664 14
2665 7
2666 14
2667 8
2668 7
2669 14
2670 11
2671 0
2672 2
2673 14
2674 2
2675 7
2676 14
2677 8
2678 8
2679 14
2680 14
2681 14
2682 0
2683 14
2684 2
2685 13
2686 7
2687 2
2688 8
2689 14
2690 8
2691 16
2693 8
2694 14
2695 14
2696 0
2697 0
2698 14
2699 11
2700 8
2701 2
2702 7
2703 11
2704 1
2705 14
2706 14
2707 4
2708 2
2710 14
2711 0
2713 0
2714 6
2715 7
2716 2
2717 1
2718 7
2719 2
2720 2
2722 4
2723 7
2724 0
2726 14
2727 8
2728 0
2729 14
2730 7
2731 14
2732 9
2733 2
2734 8
2735 8
2736 5
2737 0
2738 14
2739 0
2740 1
2741 14
2742 2
2743 14
2744 7
2745 14
2746 14
2747 7
2748 2
2749 14
2750 14
2751 7
2752 8
2753 2
2754 14
2755 14
2756 14
2757 14
2758 7
2759 14
2760 8
2761 14
2762 5
2763 14
2764 8
2765 2
2766 14
2767 4
2768 7
2769 14
2770 2
2771 5
2772 7
2773 14
2774 16
2775 0
2776 9
2777 14
2778 2
2779 0
2780 2
2781 5
2782 14
2783 2
2784 8
2785 2
2786 14
2787 3
2788 9
2789 14
2790 8
2791 8
2792 16
2793 2
2794 14
2795 7
2796 2
2797 2
2798 14
2799 9
2800 14
2801 7
2802 8
2803 8
2804 5
2805 6
2806 14
2807 14
2808 4
2809 14
2810 14
2812 8
2813 8
2814 1
2815 14
2816 7
2817 16
2818 8
2819 8
2820 0
2821 14
2822 8
2825 7
2826 8
2827 14
2828 2
2829 0
2830 0
2831 7
2832 14
2833 2
2834 11
2835 14
2836 5
2837 14
2838 1
2839 14
2840 2
2841 5
2842 4
2843 7
2844 7
2845 0
2846 2
2847 8
2848 8
2849 2
2850 14
2851 14
2852 14
2853 14
2854 14
2856 8
2857 4
2858 5
2859 8
2860 0
2861 9
2862 14
2863 2
2864 14
2865 7
2866 10
2867 14
2868 8
2869 2
2870 0
2871 7
2872 14
2873 14
2874 14
2875 2
2876 8
2877 14
2878 7
2879 11
2880 14
2881 2
2882 8
2883 8
2884 14
2885 1
2886 15
2887 14
2888 14
2889 11
2890 14
2891 14
2892 0
2893 5
2894 2
2895 8
2896 14
2897 14
2898 5
2899 14
2900 0
2901 2
2902 9
2903 8
2904 2
2905 14
2906 14
2907 14
2908 14
2909 14
2910 14
2911 14
2912 14
2913 14
2914 7
2915 10
2916 14
2917 14
2918 7
2919 14
2920 14
2921 7
2922 6
2923 8
2924 14
2925 14
2926 4
2927 14
2928 14
2929 14
2930 9
2931 14
2932 7
2933 6
2934 0
2935 6
2936 2
2937 2
2939 2
2940 14
2941 8
2943 14
2944 14
2945 14
2946 14
2947 0
2948 14
2949 15
2950 7
2951 0
2952 14
2953 14
2954 5
2955 7
2956 14
2957 13
2958 8
2959 11
2960 14
2961 14
2962 0
2963 14
2964 4
2965 2
2966 14
2967 14
2968 8
2969 14
2970 2
2971 8
2972 11
2973 2
2974 14
2975 4
2976 2
2978 14
2979 12
2980 4
2981 14
2982 11
2983 6
2984 7
2985 14
2986 14
2987 14
2988 14
2989 2
2990 0
2991 2
2992 2
2993 14
2994 14
2995 0
2996 7
2997 6
2998 8
2999 8
3000 14
3001 0
3002 0
3003 1
3004 14
3005 2
3006 4
3007 0
3008 11
3009 8
3010 14
3011 2
3012 6
3013 2
3014 14
3015 8
3016 2
3017 2
3018 0
3019 0
3020 8
3021 2
3022 14
3023 14
3024 8
3025 14
3026 14
3027 7
3028 6
3029 14
3030 14
3031 4
3032 7
3033 14
3035 2
3036 14
3037 16
3038 2
3039 2
3040 14
3041 2
3042 14
3043 7
3044 14
3045 14
3046 2
3047 14
3048 7
3049 2
3050 7
3051 2
3052 14
3053 9
3054 14
3055 14
3056 14
3057 8
3058 2
3059 14
3060 2
3061 13
3062 0
3063 6
3064 14
3065 14
3066 15
3067 7
3068 0
3069 0
3070 2
3071 12
3072 8
3073 14
3074 16
3075 7
3076 2
3077 0
3078 14
3079 2
3080 14
3081 13
3082 2
3083 15
3084 14
3085 14
3086 0
3087 7
3088 8
3089 2
3090 14
3092 14
3093 7
3094 4
3095 14
3096 14
3097 8
3098 14
3099 8
3100 0
3101 2
3102 2
3103 0
3104 14
3105 9
3106 2
3107 7
3108 14
3109 2
3110 8
3111 2
3112 2
3113 2
3114 14
3115 2
3116 2
3117 14
3118 0
3119 14
3120 2
3121 4
3122 9
3123 14
3124 7
3126 15
3127 16
3128 15
3129 14
3130 14
3131 9
3132 2
3133 4
3134 7
3135 14
3136 7
3137 14
3138 8
3139 14
3140 7
3141 9
3142 14
3143 14
3144 7
3145 2
3146 2
3147 16
3148 2
3150 2
3151 7
3152 2
3153 14
3154 0
3155 6
3156 7
3157 4
3158 14
3159 4
3160 7
3161 8
3162 0
3163 14
3164 8
3165 8
3166 14
3167 7
3168 0
3169 2
3170 2
3171 7
3172 2
3173 10
3174 14
3175 2
3176 0
3177 0
3178 8
3179 2
3180 9
3181 9
3182 2
3183 14
3184 14
3185 2
3186 0
3187 7
3188 2
3189 7
3190 5
3191 0
3192 2
3193 14
3194 2
3195 14
3196 7
3197 2
3198 2
3199 7
3200 9
3201 2
3202 14
3203 0
3204 2
3205 8
3206 2
3207 0
3209 2
3210 0
3211 8
3212 2
3213 14
3214 5
3215 8
3216 9
3218 9
3219 7
3220 14
3221 5
3222 8
3223 0
3224 2
3225 2
3226 14
3227 14
3228 14
3229 14
3230 8
3231 14
3232 14
3233 0
3234 14
3236 7
3237 14
3238 14
3239 2
3240 2
3241 0
3242 8
3243 14
3244 0
3245 8
3246 0
3247 2
3248 5
3249 7
3250 14
3251 9
3252 2
3253 7
3254 2
3255 7
3256 7
3257 14
3258 8
3260 2
3261 2
3262 2
3263 8
3264 7
3265 2
3266 13
3267 2
3269 14
3270 4
3271 9
3272 2
3273 0
3274 2
3275 5
3276 7
3277 2
3278 8
3279 7
3280 2
3281 2
3282 16
3283 11
3284 14
3285 0
3286 14
3287 2
3288 2
3290 1
3291 2
3292 8
3293 14
3294 14
3295 0
3296 2
3297 2
3298 2
3299 2
3300 14
3301 14
3302 8
3303 14
3304 14
3305 8
3306 2
3307 7
3308 13
3309 11
3310 15
3311 11
3312 7
3313 2
3314 11
3315 14
3316 2
3317 14
3318 11
3319 8
3320 2
3321 2
3322 15
3323 7
3324 14
3325 11
3326 7
3327 5
3328 4
3329 8
3330 8
3331 8
3332 2
3333 14
3334 0
3335 8
3336 15
3337 7
3338 4
3339 14
3340 8
3342 8
3343 8
3344 2
3345 2
3346 0
3347 2
3348 14
3349 8
3350 2
3351 2
3352 2
3353 2
3354 9
3355 2
3356 0
3357 2
3358 7
3359 0
3360 2
3361 8
3362 14
3363 14
3364 14
3365 7
3366 0
3367 2
3368 6
3369 7
3370 4
3371 0
3372 9
3373 8
3374 8
3375 8
3376 4
3377 2
3378 2
3379 0
3380 7
3381 2
3382 11
3383 5
3384 14
3385 7
3386 2
3387 14
3388 14
3389 5
3390 14
3391 2
3392 14
3393 7
3394 14
3395 7
3396 2
3397 2
3398 13
3399 14
3400 14
3401 4
3402 4
3403 2
3404 7
3405 13
3406 2
3407 8
3408 4
3409 7
3410 0
3411 2
3412 0
3413 14
3414 14
3415 0
3416 2
3417 14
3418 7
3419 2
3420 0
3421 4
3422 2
3423 11
3424 5
3425 4
3426 14
3427 4
3428 14
3429 4
3430 14
3431 8
3432 8
3433 14
3434 2
3435 14
3436 14
3454 14
3456 5
3470 15
3476 11
3477 31
3482 15
3488 0
3494 14
3506 14
3518 0
3521 15
3534 14
3539 14
3544 7
3548 25
3551 14
3553 15
3554 14
3555 14
3558 14
3564 14
3566 14
3567 16
3568 14
3574 0
3586 4
3592 4
3593 14
3604 14
3605 0
3612 14
3615 15
3617 14
3623 1
3624 2
3633 3
3640 0
3645 14
3651 3
3656 3
3660 25
3674 3
3675 14
3677 14
3680 14
3682 2
3689 14
3690 14
3705 14
3718 14
3719 14
3721 14
3753 15
3758 14
3759 14
3763 14
3766 14
3770 14
3771 14
3772 31
3775 7
3777 14
3779 31
3782 1
3786 1
3791 14
3799 11
3803 14
3810 14
3819 14
3823 14
3825 14
3830 4
3832 0
3834 14
3836 14
3837 11
3843 14
3844 11
3860 0
3861 14
3880 4
3893 14
3894 2
3895 6
3907 15
3912 16
3938 0
3939 2
3945 14
3947 1
3948 4
3949 2
3962 5
3963 2
3979 25
3981 6
3982 15
3983 9
3984 7
3985 16
3986 9
3987 3
3988 8
3989 0
3990 10
3991 6
3992 9
3993 16
3994 6
3995 16
3996 6
3997 6
3998 6
3999 6
4000 9
4001 11
4002 6
4003 16
4004 16
4005 6
4006 4
4007 10
4008 6
4009 0
4010 1
4011 6
4012 12
4013 2
4014 14
4015 3
4016 10
4017 9
4018 6
4019 6
4020 6
4021 8
4023 6
4024 3
4025 10
4026 8
4027 6
4028 6
4029 11
4030 8
4031 6
4032 6
4033 9
4034 6
4035 5
4036 6
4037 1
4038 13
