445 22
445 99
445 70
445 410
445 1798
445 53
445 339
445 586
445 844
445 584
445 228
445 939
445 1248
445 6
445 501
445 1699
445 121
445 461
445 669
445 1334
445 1368
445 582
445 768
445 325
22 1310
22 1983
22 17
22 1299
22 2577
22 1019
22 299
22 514
22 95
22 190
22 431
22 1620
22 1740
22 100
22 509
22 268
22 349
22 1196
22 225
22 276
22 163
22 469
22 71
22 351
22 1722
22 691
22 527
22 863
22 307
22 654
22 1445
22 286
22 165
22 595
22 65
22 971
22 661
22 316
22 1036
22 400
22 748
22 458
22 457
22 597
22 250
22 1147
22 33
22 135
22 746
22 647
22 252
22 404
22 615
22 716
22 918
22 320
22 353
22 1498
22 847
22 25
22 61
22 600
22 1251
22 442
22 1674
22 1657
225 939
225 410
225 461
225 53
225 501
225 1368
225 1248
225 1798
225 844
225 584
225 6
225 228
225 586
225 99
225 70
225 121
225 1334
225 582
225 1699
225 339
225 669
225 768
225 325
939 457
939 307
939 33
939 65
939 71
939 1299
939 100
939 661
939 1722
939 716
939 400
939 268
939 163
939 135
939 469
939 514
100 582
100 586
100 1248
100 99
100 844
100 1798
100 339
100 461
100 6
100 1699
100 584
100 121
100 1368
100 501
100 70
100 53
100 1334
100 669
100 410
100 325
100 768
100 1800
100 1304
582 404
582 135
582 1445
582 527
582 33
582 349
582 597
582 1498
582 95
582 691
582 647
582 1196
582 17
582 353
582 748
582 847
582 71
582 250
582 1620
582 286
582 307
582 299
582 1147
582 458
582 65
582 971
582 268
582 1722
582 163
582 1983
582 661
582 1740
582 351
582 595
582 1310
582 457
582 1019
582 431
582 746
582 863
582 615
582 252
582 190
582 316
582 509
582 654
582 165
582 1036
582 469
582 276
582 918
582 400
582 2577
582 514
582 115
582 716
582 25
582 600
582 61
582 442
582 1251
582 320
767 768
768 404
768 3843
768 1212
768 705
768 1170
768 2485
768 1194
768 1946
768 190
768 725
768 2944
768 349
768 6035
768 320
768 1211
768 863
768 2008
768 576
768 3471
768 1353
768 3964
768 268
768 165
768 3308
768 1866
768 5044
768 2221
768 2954
768 2585
768 1869
768 3392
768 194
768 2713
768 2132
768 1942
768 3698
768 3132
768 971
768 2911
768 3431
768 2522
768 1617
768 444
768 1933
768 1436
768 748
768 1657
768 307
768 1036
768 743
768 647
768 458
768 716
768 351
768 1262
768 17
768 299
768 1775
768 250
768 33
768 2433
768 1007
768 1261
768 691
768 2183
768 1118
768 2494
768 661
768 214
768 3037
768 163
768 615
768 1292
768 847
768 1019
768 3694
768 153
768 353
768 4200
768 1418
768 314
768 1620
768 654
768 135
768 2577
768 1252
768 1722
768 4266
768 5509
768 1434
768 3379
768 1498
768 65
768 1905
768 304
768 286
768 644
768 1310
768 1196
768 597
768 276
768 595
768 509
768 19639
768 2264
768 918
768 1445
768 1983
768 5527
768 4573
768 151
768 3327
768 400
768 469
768 2547
768 4462
768 457
768 2000
768 316
768 2650
768 600
768 442
768 1147
410 65
410 252
410 135
410 469
410 307
410 115
410 400
410 457
410 71
410 320
410 514
410 661
410 1722
410 268
410 163
410 61
410 716
410 748
410 1299
410 25
410 600
410 1674
918 586
918 121
918 70
918 844
918 53
918 584
918 1334
918 2546
586 351
586 71
586 527
586 1019
586 135
586 457
586 647
586 1498
586 95
586 400
586 863
586 17
586 595
586 661
586 307
586 2577
586 286
586 404
586 1299
586 1620
586 1983
586 299
586 165
586 847
586 115
586 1722
586 163
586 268
586 716
586 431
586 316
586 615
586 190
586 442
586 349
586 252
586 65
586 250
586 1147
586 276
586 353
586 748
586 1740
586 691
586 971
586 320
586 1036
586 597
586 1310
586 469
586 509
586 33
586 654
586 514
586 746
586 1445
586 458
586 600
586 25
586 61
586 1251
586 1674
349 53
349 70
349 1334
349 584
349 844
349 121
349 1800
53 748
53 509
53 307
53 2577
53 299
53 863
53 135
53 1620
53 1983
53 316
53 33
53 163
53 1498
53 469
53 165
53 597
53 115
53 250
53 1019
53 847
53 65
53 190
53 1310
53 351
53 654
53 647
53 615
53 1722
53 400
53 595
53 431
53 404
53 661
53 268
53 716
53 971
53 1299
53 1196
53 1036
53 458
53 457
53 252
53 286
53 1147
53 353
53 17
53 1445
53 71
53 95
53 691
53 320
53 514
53 25
53 600
53 1657
457 501
457 1248
457 461
457 228
457 1798
457 70
457 1368
457 1334
457 121
457 669
457 339
457 1699
457 844
457 6
457 99
457 584
457 1800
501 514
501 163
501 115
501 252
501 748
501 71
501 661
501 65
501 33
501 400
501 135
501 25
501 716
501 61
501 469
351 70
351 584
351 121
351 844
351 1334
351 1800
70 431
70 71
70 65
70 691
70 276
70 1740
70 1620
70 1147
70 250
70 165
70 469
70 1019
70 307
70 190
70 404
70 320
70 748
70 1983
70 847
70 1722
70 268
70 95
70 1310
70 1445
70 2577
70 615
70 135
70 661
70 316
70 716
70 509
70 647
70 286
70 654
70 115
70 746
70 353
70 252
70 514
70 971
70 1299
70 299
70 863
70 163
70 595
70 33
70 1498
70 1196
70 458
70 400
70 1036
70 527
70 442
70 17
70 600
70 61
70 25
70 1251
70 1674
748 1368
748 844
748 121
748 228
748 99
748 669
748 584
748 339
748 1798
748 1334
748 6
748 1118
99 716
99 163
99 115
99 514
99 268
99 135
99 661
99 33
99 71
99 252
99 400
99 469
99 61
99 65
404 1334
404 844
404 2856
404 584
404 121
509 1334
509 584
509 121
509 844
19639 23989
19639 24029
19639 20336
19639 23482
19639 20798
19639 21345
19639 24761
19639 20716
19639 19686
19639 24971
19639 24896
19639 19962
19639 23415
19639 23931
19639 23551
19639 23617
19639 22304
19639 19980
19639 22362
19639 22375
19639 23950
19639 23468
19639 19944
19639 23629
19639 23910
19639 22449
19639 22460
19639 24017
19639 21553
19639 22483
19639 23645
19639 24359
19639 23743
19639 20027
19639 23530
19639 20651
19639 22551
19639 22552
19639 24054
19639 22579
19639 25698
19639 19526
19639 19514
19639 24794
19639 22610
19639 22660
19639 20078
19639 23428
19639 24919
19639 24294
19639 23591
19639 25028
1196 121
1196 1334
1196 584
1196 844
121 286
121 1299
121 863
121 316
121 353
121 276
121 458
121 299
121 2577
121 163
121 1310
121 1036
121 597
121 115
121 17
121 527
121 190
121 1722
121 1019
121 250
121 307
121 135
121 514
121 615
121 746
121 647
121 595
121 654
121 847
121 1620
121 1983
121 165
121 469
121 1445
121 400
121 1740
121 268
121 95
121 1147
121 252
121 71
121 971
121 320
121 33
121 431
121 661
121 65
121 691
121 716
121 600
121 61
121 25
121 1674
121 1251
121 442
121 1657
1212 1118
1212 1951
1212 3836
1212 2331
1212 1363
1212 4449
1212 3312
1212 5527
1212 1398
1212 4462
1212 3919
1212 2264
1212 1474
1212 2902
1212 920
1118 2264
1118 4449
1118 151
1118 2494
1118 2047
461 320
461 115
461 307
461 95
461 514
461 252
461 135
461 661
461 400
461 71
461 163
461 1299
461 65
461 469
461 33
461 268
461 1722
461 716
461 25
461 61
461 165
461 1674
461 276
461 1251
1334 458
1334 33
1334 252
1334 165
1334 615
1334 299
1334 268
1334 1445
1334 320
1334 250
1334 597
1334 135
1334 469
1334 691
1334 1983
1334 2577
1334 847
1334 1147
1334 595
1334 514
1334 647
1334 1498
1334 1299
1334 400
1334 661
1334 1036
1334 17
1334 1019
1334 1310
1334 65
1334 163
1334 115
1334 431
1334 353
1334 316
1334 654
1334 190
1334 1620
1334 971
1334 716
1334 863
1334 276
1334 286
1334 71
1334 600
1334 25
1620 844
1620 584
1620 946
844 514
844 95
844 2577
844 320
844 400
844 268
844 647
844 1147
844 33
844 469
844 654
844 276
844 661
844 71
844 691
844 863
844 190
844 286
844 163
844 299
844 1036
844 595
844 1310
844 353
844 1445
844 307
844 971
844 615
844 250
844 431
844 847
844 165
844 17
844 1983
844 1498
844 1722
844 458
844 597
844 1019
844 252
844 316
844 1299
844 115
844 716
844 65
844 25
844 600
844 1657
71 228
71 339
71 584
71 1248
71 6
71 1798
71 1699
71 669
71 1368
71 1800
71 1304
307 339
307 1368
307 325
307 1267
307 1911
65 6
65 584
65 339
65 1368
65 1699
65 228
65 1798
65 1248
65 669
65 1800
65 325
1248 661
1248 252
1248 469
1248 268
1248 163
1248 115
1248 33
1248 400
1248 135
1248 1299
1248 514
1248 61
1248 716
1248 25
115 584
115 6
115 1798
115 228
115 339
115 1368
115 669
115 1699
584 691
584 1722
584 458
584 527
584 2577
584 1445
584 1299
584 316
584 268
584 1310
584 95
584 654
584 863
584 1036
584 165
584 299
584 514
584 597
584 190
584 661
584 431
584 615
584 1740
584 647
584 847
584 250
584 1983
584 33
584 1147
584 595
584 135
584 286
584 276
584 469
584 971
584 17
584 320
584 442
584 400
584 716
584 163
584 1019
584 252
584 1498
584 746
584 353
584 600
584 61
584 25
584 1251
584 1674
135 228
135 1699
135 669
135 6
135 1798
135 339
135 1368
135 2537
135 1304
286 1800
252 1798
252 1699
252 1368
252 669
252 228
252 6
252 339
1722 1368
1722 339
1722 325
1722 2317
1368 163
1368 33
1368 469
1368 400
1368 268
1368 95
1368 661
1368 514
1368 61
1368 25
1368 716
1368 276
1368 165
1368 1251
6 320
6 400
6 661
6 716
6 1299
6 33
6 514
6 163
6 61
6 469
6 268
6 25
6 600
6 1674
458 3450
2577 1800
514 1699
514 228
514 669
514 339
514 1798
1445 3783
33 228
33 1798
33 1699
33 669
33 339
33 325
33 1304
33 1800
228 716
228 268
228 661
228 163
228 400
228 469
228 1299
228 320
228 25
228 600
1983 1800
1983 5213
320 339
320 325
1798 163
1798 661
1798 268
1798 400
1798 1299
1798 25
1798 469
1798 716
1798 61
1798 600
400 669
400 1699
400 1800
469 339
469 1699
469 669
469 1304
469 1800
1299 669
1299 1699
17 1533
1019 4005
1019 1800
1699 661
1699 163
1699 268
1699 716
1699 61
1699 25
95 1267
339 163
339 268
339 716
339 661
339 25
339 600
863 1800
863 3719
1498 1800
661 669
661 325
316 1800
716 669
716 325
716 1304
647 1800
647 3410
250 4035
165 1267
299 2222
268 669
268 325
268 1304
669 25
669 600
163 1800
163 325
163 3804
615 1800
615 2207
1170 4911
1170 4449
1170 2496
1170 2992
1170 3312
1170 357
1170 2000
1170 3636
1170 2047
1170 1997
1170 581
1170 3919
1170 920
1170 1951
190 4335
847 4682
654 2678
2183 29
29 1617
29 1933
29 4573
2944 4449
971 4403
1211 581
1211 2992
1211 1951
1211 1997
3471 3988
3308 3836
3392 2992
25 325
5509 581
5509 2992
5509 151
5509 2650
5509 3636
581 1436
2132 2407
2132 1994
3698 2092
3431 3565
3431 2407
3431 1994
1617 2092
1617 2496
1617 2000
1617 2447
1617 1997
1617 4449
1617 5527
1617 1474
1617 3537
1617 920
1617 4911
1617 4931
1617 1951
1617 1183
444 3988
2407 2433
4573 487
4573 4252
4573 1951
4573 3988
4573 357
4573 3327
4573 1398
4573 5527
4573 1418
1436 2992
1436 920
1436 2496
2433 1994
2433 2496
2433 1951
2494 2650
2494 3074
3565 153
3694 3636
153 920
1418 2447
1418 3327
1418 4252
1418 1928
1418 1398
1418 1474
4266 2845
1905 1997
1905 2845
2264 2047
2264 4462
2264 2000
2264 2650
2264 5527
2264 1994
151 4462
151 5527
151 2845
151 2650
5527 2650
5527 2000
2650 2000
2000 1363
2000 3636
