445 17
22 17
225 17
939 17
100 17
582 17
767 15
768 15
410 17
918 17
586 17
349 17
53 17
457 17
501 17
351 17
70 17
748 17
99 17
404 17
509 17
19639 15
23989 13
1196 17
121 17
3843 15
1212 11
1118 11
461 17
1334 17
1620 17
844 17
71 17
24029 13
307 17
65 17
1248 17
115 17
584 17
135 17
20336 13
286 17
1310 17
431 17
252 17
691 17
1722 17
1368 17
23482 13
6 17
458 17
2577 17
514 17
1445 17
33 17
228 17
1983 17
527 17
320 17
1798 17
400 17
276 17
469 17
1299 17
17 17
1019 17
1699 17
95 17
1740 17
339 17
1147 17
597 17
863 17
20798 13
21345 13
1498 17
661 17
316 17
353 17
705 15
24761 13
20716 13
716 17
647 17
250 17
165 17
299 17
268 17
669 17
19686 13
163 17
24971 13
615 17
1170 11
24896 13
190 17
2485 15
847 17
595 17
19962 13
23415 13
654 17
23931 13
1036 17
23551 13
1194 15
23617 13
1946 17
2183 15
29 19
725 15
22304 13
19980 13
22362 13
22375 13
2856 19
23950 13
23468 13
2944 15
19944 13
971 17
23629 13
6035 15
746 17
23910 13
1211 15
2008 15
22449 13
22460 13
576 15
24017 13
3471 15
21553 13
22483 13
1267 17
442 17
23645 13
1353 15
24359 13
23743 13
3964 15
20027 13
23530 13
20651 13
61 17
22551 13
22552 7
3308 15
1866 15
24054 13
5044 11
22579 13
25698 13
19526 13
19514 13
24794 13
2221 15
2954 15
22610 13
2585 15
22660 13
20078 13
23428 13
1869 15
24919 13
24294 13
600 17
3392 15
194 15
25 17
2713 15
1800 17
5509 11
581 19
2132 15
1942 15
3698 15
3132 15
2911 15
3431 15
2522 15
2207 19
1617 11
444 15
2407 19
1933 15
4573 11
487 19
1436 15
1657 17
743 15
3450 19
4403 19
1262 15
1775 15
2433 15
1007 17
1261 17
1674 17
1251 17
1533 19
2494 11
3565 19
214 15
3037 11
1292 15
4911 19
2992 19
3694 15
153 15
4005 19
4200 11
1418 11
314 15
4449 19
1252 15
4266 15
2092 19
1434 17
3379 15
325 17
1905 15
2264 11
304 15
644 15
1951 19
2496 19
1994 19
151 11
3783 19
2047 19
3988 19
1304 17
4035 19
5527 11
3327 11
2547 15
2845 19
4335 19
4462 11
2678 19
23591 7
920 19
2650 11
2000 11
3312 19
357 19
2447 19
3836 19
1997 19
2331 19
2546 19
1363 19
2222 19
4252 19
3636 19
3719 19
1398 19
1474 19
25028 13
3919 19
4682 19
3074 19
2537 19
3537 19
3804 19
4931 19
2902 11
946 19
3410 19
5213 19
1928 19
2317 19
1183 19
1911 19
